10 0.005313
10 0.003851
10 0.001775
10 0.002587
10 0.0026
10 0.003263
10 0.0027
10 0.003187
10 0.0029
10 0.002762
10 0.002988
10 0.002562
10 0.002988
10 0.002913
10 0.002712
10 0.002926
10 0.00305
10 0.002925
10 0.002525
10 0.0029
10 0.002912
10 0.002825
10 0.002713
10 0.004213
10 0.002976
10 0.002463
10 0.002876
10 0.002763
10 0.002763
10 0.002563
10 0.002688
10 0.006913
10 0.003988
10 0.003088
10 0.0046
10 0.002038
10 0.002312
10 0.002813
10 0.002538
10 0.002913
10 0.002875
10 0.002675
10 0.004338
10 0.004513
10 0.0029
10 0.004225
10 0.00285
10 0.004026
10 0.003988
10 0.004438
10 0.003238
10 0.004325
10 0.002663
10 0.004512
10 0.003888
10 0.002988
10 0.002325
10 0.002562
10 0.00285
10 0.003088
10 0.002588
10 0.002688
10 0.002587
10 0.002476
10 0.002175
10 0.002726
10 0.003713
10 0.002963
10 0.002887
10 0.004637
10 0.002875
10 0.002838
10 0.002662
10 0.0027
10 0.002863
10 0.003162
10 0.003113
10 0.002075
10 0.003
10 0.006137
10 0.002025
10 0.002725
10 0.006863
10 0.004113
10 0.003013
10 0.003038
10 0.002051
10 0.003325
10 0.007001
10 0.003425
10 0.003425
10 0.00255
10 0.003113
10 0.00255
10 0.002825
10 0.002713
10 0.00375
10 0.003888
10 0.001938
10 0.003238
10 0.002725
100 0.026527
100 0.030752
100 0.026826
100 0.032152
100 0.023551
100 0.022514
100 0.03049
100 0.025539
100 0.016688
100 0.016563
100 0.022601
100 0.031402
100 0.032339
100 0.036202
100 0.019363
100 0.021263
100 0.029001
100 0.027327
100 0.022288
100 0.037102
100 0.03414
100 0.03299
100 0.019814
100 0.029951
100 0.046815
100 0.029714
100 0.032852
100 0.015251
100 0.02879
100 0.034752
100 0.039802
100 0.027277
100 0.036728
100 0.015914
100 0.017338
100 0.015451
100 0.023052
100 0.024777
100 0.025827
100 0.028851
100 0.03794
100 0.016989
100 0.023839
100 0.041965
100 0.039177
100 0.027664
100 0.025714
100 0.028302
100 0.019589
100 0.016114
100 0.016276
100 0.024639
100 0.037603
100 0.018201
100 0.023614
100 0.040239
100 0.025889
100 0.03354
100 0.023002
100 0.027402
100 0.033277
100 0.03464
100 0.025764
100 0.015788
100 0.025214
100 0.051741
100 0.022214
100 0.022664
100 0.040652
100 0.018076
100 0.032952
100 0.022939
100 0.015576
100 0.03914
100 0.01595
100 0.022902
100 0.038552
100 0.023464
100 0.022052
100 0.03924
100 0.025176
100 0.025939
100 0.050178
100 0.015539
100 0.017538
100 0.023914
100 0.033377
100 0.030264
100 0.019314
100 0.032914
100 0.029889
100 0.019214
100 0.025702
100 0.03994
100 0.024539
100 0.02764
100 0.026351
100 0.025764
100 0.051603
100 0.028552
100 0.015501
1000 0.282529
1000 0.343095
1000 0.312119
1000 0.182673
1000 0.311081
1000 0.208149
1000 0.276429
1000 0.381198
1000 0.188011
1000 0.221475
1000 0.186286
1000 0.320169
1000 0.266578
1000 0.183773
1000 0.183211
1000 0.34067
1000 0.192699
1000 0.275666
1000 0.191961
1000 0.183098
1000 0.187761
1000 0.331783
1000 0.414862
1000 0.189736
1000 0.21945
1000 0.190799
1000 0.320231
1000 0.390723
1000 0.29473
1000 0.317056
1000 0.29118
1000 0.287179
1000 0.363921
1000 0.2184
1000 0.410911
1000 0.329082
1000 0.325719
1000 0.316631
1000 0.292155
1000 0.383585
1000 0.337557
1000 0.282604
1000 0.229513
1000 0.365259
1000 0.332245
1000 0.185611
1000 0.25009
1000 0.305831
1000 0.241202
1000 0.275116
1000 0.230289
1000 0.32982
1000 0.181399
1000 0.184986
1000 0.226813
1000 0.294567
1000 0.359559
1000 0.345595
1000 0.392861
1000 0.188061
1000 0.304168
1000 0.323194
1000 0.348396
1000 0.186149
1000 0.343521
1000 0.246665
1000 0.34557
1000 0.282854
1000 0.253315
1000 0.247377
1000 0.402236
1000 0.183811
1000 0.281029
1000 0.183636
1000 0.392923
1000 0.2145
1000 0.308831
1000 0.445376
1000 0.214288
1000 0.301918
1000 0.259877
1000 0.185461
1000 0.236076
1000 0.309781
1000 0.349971
1000 0.184348
1000 0.252828
1000 0.215501
1000 0.273603
1000 0.300768
1000 0.185148
1000 0.245002
1000 0.25404
1000 0.350121
1000 0.186186
1000 0.252665
1000 0.328544
1000 0.295567
10000 2.27946
10000 2.32216
